 0.010,  243569.140625 ,      0.095200
 0.011,  243654.078125 ,      0.102400
 0.012,  243699.546875 ,      0.104600
 0.013,  243876.406250 ,      0.103600
 0.014,  243897.375000 ,      0.096100
 0.015,  244062.578125 ,      0.097800
 0.016,  243907.015625 ,      0.090600
 0.017,  243308.828125 ,      0.097100
 0.018,  244346.687500 ,      0.099500
 0.019,  244645.281250 ,      0.100700
 0.020,  243880.546875 ,      0.101000
 0.021,  244039.531250 ,      0.102300
 0.022,  244595.953125 ,      0.096100
 0.023,  244087.453125 ,      0.098300
 0.025,  243922.468750 ,      0.101600
 0.026,  243584.234375 ,      0.101500
 0.030,  243732.406250 ,      0.098100
 0.031,  244054.375000 ,      0.094700
 0.032,  244497.531250 ,      0.098100
 0.033,  244096.406250 ,      0.089500
 0.034,  244777.515625 ,      0.096700
 0.035,  244932.203125 ,      0.096000
 0.036,  243813.125000 ,      0.100000
 0.037,  244266.812500 ,      0.100500
 0.038,  244775.562500 ,      0.098800
 0.039,  243849.234375 ,      0.105600
 0.040,  244108.296875 ,      0.098000
 0.041,  243650.281250 ,      0.100800
 0.042,  243179.750000 ,      0.098500
 0.043,  244329.296875 ,      0.094400
 0.045,  244921.156250 ,      0.096200
 0.047,  243939.421875 ,      0.098500
 0.048,  243777.671875 ,      0.097500
 0.049,  244114.234375 ,      0.097000
 0.050,  244288.781250 ,      0.096400
 0.051,  244496.687500 ,      0.091800
 0.052,  244599.406250 ,      0.097000
 0.053,  244960.359375 ,      0.096200
 0.054,  244022.781250 ,      0.095500
 0.055,  243532.859375 ,      0.093200
 0.059,  243700.812500 ,      0.097300
 0.061,  243487.718750 ,      0.097500
 0.063,  244260.140625 ,      0.096200
 0.064,  243970.390625 ,      0.097700
 0.065,  243141.718750 ,      0.100900
 0.066,  244016.171875 ,      0.098600
 0.067,  243117.343750 ,      0.096000
 0.068,  244175.859375 ,      0.095000
 0.069,  236836.265625 ,      0.095400
 0.070,  243420.359375 ,      0.100300
 0.071,  243995.953125 ,      0.099400
 0.072,  243060.218750 ,      0.095500
 0.073,  243540.171875 ,      0.104600
 0.074,  244072.796875 ,      0.095900
 0.075,  243189.312500 ,      0.096500
 0.076,  243835.171875 ,      0.098800
 0.077,  244453.515625 ,      0.098700
 0.078,  244093.781250 ,      0.093600
 0.081,  244381.640625 ,      0.097500
 0.083,  243361.296875 ,      0.093300
 0.084,  243694.187500 ,      0.096500
 0.085,  244075.203125 ,      0.101000
 0.086,  243650.515625 ,      0.096700
 0.087,  243886.171875 ,      0.096100
 0.088,  243479.218750 ,      0.099000
 0.089,  243968.531250 ,      0.093800
 0.090,  243396.281250 ,      0.100100
 0.091,  244258.843750 ,      0.099300
 0.092,  244533.531250 ,      0.094900
 0.093,  243471.843750 ,      0.097300
 0.094,  243279.796875 ,      0.097600
 0.095,  244325.359375 ,      0.097200
 0.096,  244079.906250 ,      0.102000
 0.097,  244635.828125 ,      0.098200
 0.098,  244387.046875 ,      0.093100
 0.099,  243728.390625 ,      0.100100
 0.100,  244346.109375 ,      0.097500
 0.101,  244528.140625 ,      0.096400
 0.102,  243806.187500 ,      0.094100
 0.103,  244239.406250 ,      0.095600
 0.104,  244004.171875 ,      0.097300
 0.105,  243457.421875 ,      0.102500
 0.106,  243935.343750 ,      0.094900
 0.107,  243464.921875 ,      0.096100
 0.108,  244347.265625 ,      0.098800
 0.109,  243820.578125 ,      0.095300
 0.110,  244088.343750 ,      0.097000
 0.111,  243291.984375 ,      0.098200
 0.112,  243767.187500 ,      0.095700
 0.113,  243876.812500 ,      0.096900
 0.114,  244205.343750 ,      0.100700
 0.115,  243385.750000 ,      0.095100
 0.116,  243933.593750 ,      0.098800
 0.117,  244462.453125 ,      0.094000
 0.118,  244239.171875 ,      0.095400
 0.119,  244130.453125 ,      0.093500
 0.120,  243771.984375 ,      0.100000
 0.121,  244300.750000 ,      0.098200
 0.122,  243897.296875 ,      0.097800
 0.123,  243907.187500 ,      0.097900
 0.124,  244249.062500 ,      0.097400
 0.125,  244222.343750 ,      0.098500
 0.126,  243904.812500 ,      0.092900
 0.127,  245130.484375 ,      0.095100
 0.128,  243936.296875 ,      0.094600
 0.129,  243988.765625 ,      0.100000
 0.130,  243994.046875 ,      0.094300
 0.131,  244464.671875 ,      0.096600
 0.132,  244024.531250 ,      0.095600
 0.133,  242940.953125 ,      0.093500
 0.134,  244094.875000 ,      0.101900
 0.135,  244328.968750 ,      0.089300
 0.136,  244074.765625 ,      0.094600
 0.137,  243872.625000 ,      0.095000
 0.138,  243918.421875 ,      0.093600
 0.139,  243844.343750 ,      0.094200
 0.141,  243917.093750 ,      0.102100
 0.142,  243745.109375 ,      0.096700
 0.143,  243781.093750 ,      0.098200
 0.144,  243824.109375 ,      0.097900
 0.145,  243280.140625 ,      0.093000
 0.146,  243683.171875 ,      0.096900
 0.147,  243974.109375 ,      0.096400
 0.148,  243181.875000 ,      0.098600
 0.149,  243828.718750 ,      0.089700
 0.150,  244693.250000 ,      0.091800
 0.151,  244295.375000 ,      0.097600
 0.152,  243984.984375 ,      0.094700
 0.153,  244253.781250 ,      0.096200
 0.154,  243930.140625 ,      0.092600
 0.155,  243810.921875 ,      0.096600
 0.156,  244333.265625 ,      0.099600
 0.157,  243890.015625 ,      0.094700
 0.158,  244284.328125 ,      0.096200
 0.160,  243714.109375 ,      0.096000
 0.161,  243805.140625 ,      0.095200
 0.162,  244501.703125 ,      0.090600
 0.163,  244331.765625 ,      0.099000
 0.164,  244009.843750 ,      0.096500
 0.165,  243924.500000 ,      0.096500
 0.166,  244241.234375 ,      0.095300
 0.167,  243943.093750 ,      0.095900
 0.169,  243899.921875 ,      0.098000
 0.170,  243447.593750 ,      0.090400
 0.171,  243806.265625 ,      0.097000
 0.172,  244217.296875 ,      0.095500
 0.173,  243990.625000 ,      0.094800
 0.175,  244510.546875 ,      0.098600
 0.176,  244561.046875 ,      0.097000
 0.177,  243925.531250 ,      0.098900
 0.178,  243482.265625 ,      0.092700
 0.179,  236793.750000 ,      0.093000
 0.181,  244117.421875 ,      0.096900
 0.182,  245155.546875 ,      0.095900
 0.183,  244491.890625 ,      0.101900
 0.185,  243740.781250 ,      0.093400
 0.186,  244137.406250 ,      0.095300
 0.187,  243355.250000 ,      0.095400
 0.188,  244340.609375 ,      0.096800
 0.190,  243681.531250 ,      0.095500
 0.191,  244126.609375 ,      0.093200
 0.192,  244766.015625 ,      0.091000
 0.194,  244050.625000 ,      0.095800
 0.195,  243891.921875 ,      0.091500
 0.196,  243493.375000 ,      0.094000
 0.198,  244662.156250 ,      0.093200
 0.199,  243856.765625 ,      0.094100
 0.202,  244909.062500 ,      0.090400
 0.203,  244078.750000 ,      0.091800
 0.205,  243604.812500 ,      0.090100
 0.206,  244670.718750 ,      0.095300
 0.207,  243486.828125 ,      0.097700
 0.209,  244114.203125 ,      0.095300
 0.212,  244309.406250 ,      0.097200
 0.215,  243692.296875 ,      0.092200
 0.216,  244046.296875 ,      0.097800
 0.218,  244485.812500 ,      0.089300
 0.219,  244084.843750 ,      0.098700
 0.222,  243713.734375 ,      0.091100
 0.224,  244410.500000 ,      0.094600
 0.225,  243965.890625 ,      0.088300
 0.229,  244096.718750 ,      0.096100
 0.232,  243257.515625 ,      0.094500
 0.233,  243729.593750 ,      0.093900
 0.235,  244250.531250 ,      0.091100
 0.237,  243951.437500 ,      0.092600
 0.238,  244326.906250 ,      0.092800
 0.240,  243921.062500 ,      0.092200
 0.242,  243366.843750 ,      0.101900
 0.243,  243997.687500 ,      0.091100
 0.245,  243176.218750 ,      0.098800
 0.248,  244375.093750 ,      0.094300
 0.250,  244014.906250 ,      0.094200
 0.252,  244054.859375 ,      0.091000
 0.254,  243411.062500 ,      0.089800
 0.255,  243397.468750 ,      0.097800
 0.257,  243426.453125 ,      0.101400
 0.261,  242755.234375 ,      0.094400
 0.262,  244127.609375 ,      0.094400
 0.266,  243501.453125 ,      0.094200
 0.270,  243281.984375 ,      0.093000
 0.272,  243454.421875 ,      0.090900
 0.274,  244217.968750 ,      0.092300
 0.275,  243964.718750 ,      0.095000
 0.277,  244031.343750 ,      0.092100
 0.279,  243886.078125 ,      0.095300
 0.281,  243416.437500 ,      0.095800
 0.283,  244137.171875 ,      0.092500
 0.285,  243433.078125 ,      0.092200
 0.287,  243392.171875 ,      0.093900
 0.289,  243882.875000 ,      0.093000
 0.291,  243306.171875 ,      0.086300
 0.295,  243875.671875 ,      0.098900
 0.297,  243335.187500 ,      0.089000
 0.301,  243613.484375 ,      0.093900
 0.305,  243800.843750 ,      0.097700
 0.308,  243870.546875 ,      0.095500
 0.310,  243737.234375 ,      0.095000
 0.323,  243041.906250 ,      0.092100
 0.325,  243043.343750 ,      0.100900
 0.327,  242978.000000 ,      0.090900
 0.330,  243899.156250 ,      0.089900
 0.332,  243806.453125 ,      0.092000
 0.334,  243354.000000 ,      0.088000
 0.337,  243332.796875 ,      0.094500
 0.346,  242977.843750 ,      0.083700
 0.348,  243742.375000 ,      0.088800
 0.353,  243419.328125 ,      0.087000
 0.356,  243236.687500 ,      0.084600
 0.358,  242804.203125 ,      0.093300
 0.361,  243529.906250 ,      0.092000
 0.363,  243289.203125 ,      0.088600
 0.366,  243888.843750 ,      0.089800
 0.368,  243332.125000 ,      0.093000
 0.371,  243300.484375 ,      0.090500
 0.373,  243317.953125 ,      0.089600
 0.376,  242612.328125 ,      0.086200
 0.378,  243190.531250 ,      0.086800
 0.381,  243488.546875 ,      0.090200
 0.384,  243407.171875 ,      0.091300
 0.386,  242796.328125 ,      0.092900
 0.389,  242816.625000 ,      0.091000
 0.392,  243345.734375 ,      0.092600
 0.394,  243246.671875 ,      0.086900
 0.400,  242551.265625 ,      0.091300
 0.411,  242929.187500 ,      0.091700
 0.414,  242828.046875 ,      0.092600
 0.417,  242664.703125 ,      0.092500
 0.420,  243032.250000 ,      0.091500
 0.423,  243093.609375 ,      0.088200
 0.426,  242670.187500 ,      0.090300
 0.429,  242332.234375 ,      0.089500
 0.432,  241955.953125 ,      0.090600
 0.435,  241747.796875 ,      0.088600
 0.438,  242407.796875 ,      0.086900
 0.441,  242181.484375 ,      0.086400
 0.444,  242360.921875 ,      0.090000
 0.447,  242403.906250 ,      0.088000
 0.450,  242583.500000 ,      0.089500
 0.453,  242503.375000 ,      0.090400
 0.456,  242042.281250 ,      0.089200
 0.459,  241958.562500 ,      0.090000
 0.462,  242264.859375 ,      0.088800
 0.466,  242693.765625 ,      0.086000
 0.469,  242024.703125 ,      0.088800
 0.472,  241845.968750 ,      0.087900
 0.475,  241625.687500 ,      0.088500
 0.479,  241886.390625 ,      0.083600
 0.482,  242456.437500 ,      0.089400
 0.485,  241883.937500 ,      0.091400
 0.489,  243151.796875 ,      0.082000
 0.492,  242179.250000 ,      0.087100
 0.495,  242278.593750 ,      0.085100
 0.499,  241179.921875 ,      0.086400
 0.502,  241040.218750 ,      0.086100
 0.506,  241517.734375 ,      0.086600
 0.509,  240884.968750 ,      0.083800
 0.513,  241424.312500 ,      0.089700
 0.516,  241342.140625 ,      0.089000
 0.520,  241241.812500 ,      0.087100
 0.524,  240791.500000 ,      0.087800
 0.527,  240810.078125 ,      0.088300
 0.531,  240677.234375 ,      0.085100
 0.535,  240609.593750 ,      0.084800
 0.538,  240707.031250 ,      0.088800
 0.542,  239906.125000 ,      0.082700
 0.546,  240665.250000 ,      0.089900
 0.550,  240605.015625 ,      0.086100
 0.553,  240142.343750 ,      0.087500
 0.557,  239159.140625 ,      0.089200
 0.561,  239531.062500 ,      0.086400
 0.565,  239850.843750 ,      0.084200
 0.569,  240080.281250 ,      0.083000
 0.573,  239963.515625 ,      0.085100
 0.577,  239322.062500 ,      0.084400
 0.581,  239784.859375 ,      0.080300
 0.585,  239045.265625 ,      0.079100
 0.589,  239085.625000 ,      0.087000
 0.593,  238678.750000 ,      0.085200
 0.597,  237626.640625 ,      0.083300
 0.601,  238992.125000 ,      0.081700
 0.605,  239145.953125 ,      0.081400
 0.610,  238030.656250 ,      0.082400
 0.614,  237880.078125 ,      0.078000
 0.618,  238466.250000 ,      0.082900
 0.622,  238072.578125 ,      0.084500
 0.627,  237823.968750 ,      0.080700
 0.631,  231068.718750 ,      0.083600
 0.635,  237361.687500 ,      0.081000
 0.640,  237073.781250 ,      0.081900
 0.644,  236956.656250 ,      0.080500
 0.649,  237031.140625 ,      0.084800
 0.653,  236675.140625 ,      0.084100
 0.658,  236601.937500 ,      0.084400
 0.662,  235661.812500 ,      0.082700
 0.667,  235822.296875 ,      0.082900
 0.671,  236219.218750 ,      0.084100
 0.676,  234967.937500 ,      0.079100
 0.681,  234143.593750 ,      0.084400
 0.685,  234817.968750 ,      0.079300
 0.690,  234312.593750 ,      0.084500
 0.695,  233870.703125 ,      0.079700
 0.700,  233705.796875 ,      0.079500
 0.705,  232794.359375 ,      0.075600
 0.710,  226788.625000 ,      0.078300
 0.714,  232042.921875 ,      0.081500
 0.719,  232121.828125 ,      0.080000
 0.724,  230967.703125 ,      0.081000
 0.729,  231221.828125 ,      0.083200
 0.735,  231238.796875 ,      0.079800
 0.740,  230177.281250 ,      0.080100
 0.750,  229477.890625 ,      0.079200
 0.755,  229309.765625 ,      0.079900
 0.771,  227359.109375 ,      0.075200
 0.776,  227872.937500 ,      0.082500
 0.782,  226877.750000 ,      0.079400
 0.787,  226449.828125 ,      0.077700
 0.793,  225230.953125 ,      0.079000
 0.798,  225301.265625 ,      0.082000
 0.804,  223994.437500 ,      0.073800
 0.809,  223728.703125 ,      0.074400
 0.815,  222805.953125 ,      0.074100
 0.820,  222799.390625 ,      0.077600
 0.826,  222288.453125 ,      0.079600
 0.832,  220691.609375 ,      0.076400
 0.838,  220539.312500 ,      0.076900
 0.843,  219585.562500 ,      0.076600
 0.849,  218622.781250 ,      0.084000
 0.855,  218229.468750 ,      0.074900
 0.861,  216578.359375 ,      0.075900
 0.867,  216161.531250 ,      0.075700
 0.873,  215352.390625 ,      0.073600
 0.879,  214022.562500 ,      0.074800
 0.885,  213116.453125 ,      0.079000
 0.891,  211583.546875 ,      0.072200
 0.897,  211087.984375 ,      0.076000
 0.904,  209753.437500 ,      0.076600
 0.910,  208190.578125 ,      0.076200
 0.923,  206310.312500 ,      0.078400
 0.929,  204545.718750 ,      0.080000
 0.935,  203020.625000 ,      0.080200
 0.942,  201400.578125 ,      0.080900
 0.948,  199663.828125 ,      0.076900
 0.955,  198618.250000 ,      0.078000
 0.962,  195810.468750 ,      0.078100
 0.968,  194189.656250 ,      0.077400
 0.975,  192146.500000 ,      0.080300
 0.982,  189774.031250 ,      0.082400
 0.989,  186606.546875 ,      0.076400
 0.995,  184236.125000 ,      0.078100
 1.002,  181553.437500 ,      0.075700
 1.009,  178044.468750 ,      0.081700
 1.016,  174798.234375 ,      0.079400
 1.023,  170722.687500 ,      0.084800
 1.030,  167452.031250 ,      0.082200
 1.052,  157980.015625 ,      0.085900
 1.059,  155100.296875 ,      0.088200
 1.067,  152237.515625 ,      0.087500
 1.074,  149373.718750 ,      0.087100
 1.081,  146860.203125 ,      0.087500
 1.089,  143751.109375 ,      0.089500
 1.096,  141381.171875 ,      0.089600
 1.104,  138417.796875 ,      0.086000
 1.112,  135537.312500 ,      0.087200
 1.119,  133374.812500 ,      0.086100
 1.127,  131202.500000 ,      0.086100
 1.135,  128508.726562 ,      0.091500
 1.143,  126573.437500 ,      0.092900
 1.151,  123907.523438 ,      0.095400
 1.159,  121390.554688 ,      0.097100
 1.167,  119669.554688 ,      0.094700
 1.175,  116850.351562 ,      0.096700
 1.183,  115230.437500 ,      0.097100
 1.191,  113102.085938 ,      0.096500
 1.199,  111185.710938 ,      0.104000
 1.208,  108768.289062 ,      0.098000
 1.216,  107171.601562 ,      0.104400
 1.225,  105373.976562 ,      0.098900
 1.233,  103246.601562 ,      0.104400
 1.242,  101511.984375 ,      0.100100
 1.250,   99798.039062 ,      0.097700
 1.259,   98039.250000 ,      0.103400
 1.268,   96188.046875 ,      0.107600
 1.276,   94184.882812 ,      0.105700
 1.285,   92381.250000 ,      0.113300
 1.294,   90816.687500 ,      0.108500
 1.303,   88834.914062 ,      0.111300
 1.312,   87715.523438 ,      0.106500
 1.321,   86282.328125 ,      0.116100
 1.330,   84625.554688 ,      0.110000
 1.340,   83138.203125 ,      0.116000
 1.349,   81315.125000 ,      0.109900
 1.358,   80349.421875 ,      0.114000
 1.368,   78880.242188 ,      0.117400
 1.377,   77417.039062 ,      0.121100
 1.387,   76084.562500 ,      0.121400
 1.396,   74979.250000 ,      0.117700
 1.406,   73754.101562 ,      0.123600
 1.416,   72448.062500 ,      0.124000
 1.426,   71176.328125 ,      0.122400
 1.435,   70006.156250 ,      0.120300
 1.445,   68900.335938 ,      0.118100
 1.455,   67771.765625 ,      0.116900
 1.466,   66477.453125 ,      0.120500
 1.476,   65487.679688 ,      0.118500
 1.486,   64341.886719 ,      0.120900
 1.496,   63303.894531 ,      0.122400
 1.507,   62301.125000 ,      0.122400
 1.517,   61377.093750 ,      0.128600
 1.528,   60358.527344 ,      0.122200
 1.538,   59351.921875 ,      0.123600
 1.549,   58268.625000 ,      0.125300
 1.560,   57491.156250 ,      0.124900
 1.570,   56632.925781 ,      0.131500
 1.581,   55584.492188 ,      0.129000
 1.592,   54816.117188 ,      0.127000
 1.614,   52932.816406 ,      0.136600
 1.626,   52230.386719 ,      0.136900
 1.637,   51400.890625 ,      0.135800
 1.648,   50620.832031 ,      0.128400
 1.660,   49780.414062 ,      0.138000
 1.671,   49166.433594 ,      0.132200
 1.730,   45236.218750 ,      0.140400
 1.742,   44576.976562 ,      0.139300
 1.754,   43877.746094 ,      0.143600
 1.766,   43425.843750 ,      0.139175
 1.778,   42670.914062 ,      0.143700
 1.791,   41973.011719 ,      0.145900
 1.803,   41359.316406 ,      0.147300
 1.816,   40832.347656 ,      0.143000
 1.828,   40079.847656 ,      0.142700
 1.841,   39512.789062 ,      0.147800
 1.854,   38973.902344 ,      0.144900
 1.866,   38361.687500 ,      0.148000
 1.879,   37753.675781 ,      0.150500
 1.892,   37099.570312 ,      0.147200
 1.905,   36571.242188 ,      0.143100
 1.919,   36160.015625 ,      0.149500
 1.932,   35736.800781 ,      0.149200
 1.945,   34981.832031 ,      0.149900
 1.959,   34582.476562 ,      0.154600
 2.000,   32933.203125 ,      0.151000
 2.014,   32558.964844 ,      0.156100
 2.028,   32148.978516 ,      0.150800
 2.042,   31533.027344 ,      0.154600
 2.056,   31242.527344 ,      0.152700
 2.070,   30803.257812 ,      0.161600
 2.084,   30251.625000 ,      0.150400
 2.099,   29817.337891 ,      0.159600
 2.113,   29487.351562 ,      0.162000
 2.128,   29012.951172 ,      0.160700
 2.143,   28537.275391 ,      0.159200
 2.158,   28154.708984 ,      0.159200
 2.173,   27795.216797 ,      0.165000
 2.188,   27413.919922 ,      0.164000
 2.203,   27034.414062 ,      0.163800
 2.218,   26554.466797 ,      0.165400
 2.234,   25796.644531 ,      0.157200
 2.249,   25858.687500 ,      0.159700
 2.265,   25486.193359 ,      0.169800
 2.280,   25147.939453 ,      0.163000
 2.296,   24878.078125 ,      0.167400
 2.312,   24479.605469 ,      0.157500
 2.328,   24206.220703 ,      0.172900
 2.393,   22915.435547 ,      0.169800
 2.410,   22485.968750 ,      0.176300
 2.427,   22106.724609 ,      0.171700
 2.443,   21851.322266 ,      0.169100
 2.460,   21583.119141 ,      0.173900
 2.477,   21346.205078 ,      0.174600
 2.495,   20911.730469 ,      0.175900
 2.512,   20648.123047 ,      0.171300
 2.529,   20474.228516 ,      0.176800
 2.547,   20077.070312 ,      0.176800
 2.564,   19851.257812 ,      0.181300
 2.582,   19655.859375 ,      0.184600
 2.600,   19338.033203 ,      0.177500
 2.618,   19044.421875 ,      0.188300
 2.636,   18871.638672 ,      0.179200
 2.655,   18565.021484 ,      0.176200
 2.673,   18282.597656 ,      0.186400
 2.692,   18010.101562 ,      0.178000
 2.710,   17813.015625 ,      0.187500
 2.748,   17378.916016 ,      0.181800
 2.767,   17079.972656 ,      0.179800
 2.786,   16929.869141 ,      0.191800
 2.844,   16265.345703 ,      0.190500
 2.864,   15963.964844 ,      0.188200
 2.884,   15832.002930 ,      0.186400
 2.904,   15626.963867 ,      0.197800
 2.924,   15416.564453 ,      0.184800
 2.944,   15151.399414 ,      0.188300
 2.965,   14899.143555 ,      0.191700
 2.985,   14800.718750 ,      0.191400
 3.006,   14622.808594 ,      0.193500
 3.027,   14393.544922 ,      0.194300
 3.048,   14225.949219 ,      0.193900
 3.069,   14042.391602 ,      0.200300
 3.090,   13847.060547 ,      0.200600
 3.112,   13649.275391 ,      0.200900
 3.133,   13508.958008 ,      0.204000
 3.155,   13308.140625 ,      0.202800
 3.177,   13128.668945 ,      0.197200
 3.199,   12963.930664 ,      0.198100
 3.243,   12710.375000 ,      0.201300
 3.266,   12461.719727 ,      0.199700
 3.289,   12304.610352 ,      0.207700
 3.311,   12172.185547 ,      0.204800
 3.334,   12007.293945 ,      0.207700
 3.357,   11858.184570 ,      0.206400
 3.381,   11651.367188 ,      0.213100
 3.404,   11541.000977 ,      0.203600
 3.428,   11416.548828 ,      0.204500
 3.451,   11212.410156 ,      0.203300
 3.475,   11114.352539 ,      0.201400
 3.499,   10982.798828 ,      0.215200
 3.524,   10832.429688 ,      0.205300
 3.548,   10697.949219 ,      0.207700
 3.573,   10584.161133 ,      0.212700
 3.597,   10406.011719 ,      0.213300
 3.622,   10300.076172 ,      0.220500
 3.673,   10031.644531 ,      0.220600
 3.724,    9784.233398 ,      0.222200
 3.750,    9694.083984 ,      0.218300
 3.776,    9574.440430 ,      0.214900
 3.802,    9466.417969 ,      0.216600
 3.828,    9338.622070 ,      0.209500
 3.855,    9198.986328 ,      0.225800
 3.882,    9099.360352 ,      0.219700
 3.908,    8995.216797 ,      0.220000
 3.936,    8887.818359 ,      0.220000
 3.963,    8744.747070 ,      0.238900
 3.990,    8652.743164 ,      0.226500
 4.018,    8541.180664 ,      0.221400
 4.046,    8459.386719 ,      0.231800
 4.074,    8341.710938 ,      0.223100
 4.102,    8225.427734 ,      0.228200
 4.130,    8156.008789 ,      0.224900
 4.159,    8037.604492 ,      0.233800
 4.188,    7937.833008 ,      0.234500
 4.217,    7847.794434 ,      0.235700
 4.246,    7778.004883 ,      0.229200
 4.276,    7677.802734 ,      0.227000
 4.305,    7529.943359 ,      0.235400
 4.335,    7481.907227 ,      0.231400
 4.365,    7436.567383 ,      0.237700
 4.457,    7122.613281 ,      0.241900
 4.487,    7057.351562 ,      0.238300
 4.519,    6965.011719 ,      0.235700
 4.550,    6854.425293 ,      0.233600
 4.581,    6808.124512 ,      0.239100
 4.613,    6732.649414 ,      0.238200
 4.645,    6635.891602 ,      0.241600
 4.677,    6577.693848 ,      0.237700
 4.710,    6485.364746 ,      0.243700
 4.742,    6425.704590 ,      0.245300
 4.775,    6351.767578 ,      0.236600
 4.808,    6306.581543 ,      0.204082
 4.842,    6206.929688 ,      0.243400
 4.875,    6148.270996 ,      0.246400
 4.909,    6081.694824 ,      0.257100
 4.943,    6012.518066 ,      0.250200
 4.977,    5925.463379 ,      0.261000
 5.012,    5852.252441 ,      0.247400
 5.047,    5776.369629 ,      0.253100
 5.082,    5729.167969 ,      0.255400
 5.117,    5670.682129 ,      0.253700
 5.152,    5610.208496 ,      0.259800
 5.188,    5551.926758 ,      0.257400
 5.297,    5351.806152 ,      0.263100
 5.333,    5315.228516 ,      0.263700
 5.370,    5252.257812 ,      0.257900
 5.483,    5069.351562 ,      0.263500
 5.521,    5025.580078 ,      0.259900
 5.559,    4975.232422 ,      0.262000
 5.598,    4952.712891 ,      0.269677
 5.636,    4874.275879 ,      0.268900
 5.675,    4818.888184 ,      0.262400
 5.715,    4766.033203 ,      0.268500
 5.754,    4747.673340 ,      0.275900
 5.794,    4688.483398 ,      0.277500
 5.834,    4639.520020 ,      0.244939
 5.875,    4581.479004 ,      0.266300
 5.916,    4537.140137 ,      0.280700
 5.957,    4492.121582 ,      0.267800
 6.039,    4380.361328 ,      0.279700
 6.081,    4367.227539 ,      0.276083
 6.124,    4310.615723 ,      0.276700
 6.166,    4290.904297 ,      0.282100
 6.209,    4239.898438 ,      0.278300
 6.252,    4206.398926 ,      0.278900
 6.295,    4162.001953 ,      0.273300
 6.339,    4116.742188 ,      0.284600
 6.383,    4057.276123 ,      0.282600
 6.427,    4025.223877 ,      0.285400
 6.471,    4005.377686 ,      0.288100
 6.516,    3970.923340 ,      0.291800
 6.561,    3808.942383 ,      0.286100
 6.607,    3881.598145 ,      0.287100
 6.653,    3825.108643 ,      0.296500
 6.699,    3824.688965 ,      0.299100
 6.839,    3708.887939 ,      0.295100
 6.887,    3665.865967 ,      0.289900
 6.934,    3660.151123 ,      0.298000
 6.982,    3606.357666 ,      0.295200
 7.031,    3597.053955 ,      0.299700
 7.079,    3565.900146 ,      0.295900
 7.129,    3542.128906 ,      0.299200
 7.178,    3479.003906 ,      0.299500
 7.228,    3450.958252 ,      0.299900
 7.278,    3429.017578 ,      0.309400
 7.328,    3406.795166 ,      0.305000
 7.379,    3375.729736 ,      0.303600
 7.430,    3341.175537 ,      0.306100
 7.482,    3326.862061 ,      0.314100
 7.534,    3288.235352 ,      0.300500
 7.586,    3263.253418 ,      0.311200
 7.638,    3237.591064 ,      0.307100
 7.691,    3190.324707 ,      0.307300
 7.745,    3181.445801 ,      0.304200
 7.798,    3153.400391 ,      0.311700
 7.852,    3138.757812 ,      0.314200
 7.907,    3102.209717 ,      0.318000
 7.962,    3084.603027 ,      0.309200
 8.017,    3048.754639 ,      0.315500
 8.072,    3044.041748 ,      0.309700
 8.128,    3016.757812 ,      0.319000
 8.185,    2988.220459 ,      0.313300
 8.241,    2978.745361 ,      0.325900
 8.299,    2954.717041 ,      0.312700
 8.356,    2929.620850 ,      0.318400
 8.414,    2902.572754 ,      0.314100
 8.472,    2894.016846 ,      0.320600
 8.531,    2878.363770 ,      0.326900
 8.590,    2842.256348 ,      0.327900
 8.650,    2829.418701 ,      0.325500
 8.770,    2794.500244 ,      0.331400
 8.892,    2735.868896 ,      0.326400
 8.954,    2733.699707 ,      0.331700
 9.016,    2714.715332 ,      0.324100
 9.078,    2690.578369 ,      0.330300
 9.141,    2672.984863 ,      0.330600
 9.204,    2658.742920 ,      0.336000
 9.268,    2645.768066 ,      0.334400
 9.333,    2633.761475 ,      0.328700
 9.397,    2606.080322 ,      0.328300
 9.462,    2596.191895 ,      0.336800
 9.528,    2577.220947 ,      0.331900
 9.594,    2560.430420 ,      0.334400
 9.661,    2543.308838 ,      0.340200
 9.727,    2533.968506 ,      0.341500
 9.795,    2519.540039 ,      0.335200
 9.863,    2498.104492 ,      0.341600
 9.931,    2484.572754 ,      0.347300
10.000,    2464.482422 ,      0.337700
10.069,    2448.346680 ,      0.336700
10.139,    2437.673828 ,      0.339100
10.209,    2432.625488 ,      0.339000
10.280,    2409.600342 ,      0.342900
10.351,    2401.587402 ,      0.343100
10.423,    2381.456543 ,      0.338700
10.495,    2374.421143 ,      0.339100
10.568,    2354.451416 ,      0.343500
10.641,    2359.237793 ,      0.345300
10.715,    2335.428223 ,      0.339300
10.789,    2324.538574 ,      0.346400
10.864,    2313.847412 ,      0.344200
10.940,    2301.316162 ,      0.342200
11.015,    2298.838135 ,      0.341400
11.092,    2277.581055 ,      0.340200
11.169,    2271.862549 ,      0.340400
11.246,    2255.436523 ,      0.355300
11.324,    2248.895020 ,      0.348900
11.402,    2233.141846 ,      0.349200
11.482,    2225.934082 ,      0.353600
11.561,    2203.304199 ,      0.353500
11.641,    2200.838623 ,      0.349100
11.722,    2190.840576 ,      0.349900
11.885,    2175.760010 ,      0.357100
11.967,    2158.320557 ,      0.353000
12.050,    2148.764648 ,      0.351600
12.134,    2151.281738 ,      0.345400
12.218,    2138.458984 ,      0.358400
12.303,    2121.867676 ,      0.354200
12.388,    2115.005127 ,      0.351500
12.474,    2103.762939 ,      0.353400
12.560,    2092.191650 ,      0.362600
12.647,    2094.652100 ,      0.350800
12.735,    2085.353760 ,      0.357600
12.823,    2073.927734 ,      0.360800
12.912,    2060.074951 ,      0.346600
13.002,    2057.970703 ,      0.358200
13.092,    2050.913330 ,      0.365200
13.183,    2026.299683 ,      0.351700
13.274,    2031.882446 ,      0.359000
13.366,    2031.155884 ,      0.357400
13.459,    2019.344971 ,      0.363800
13.552,    2011.859741 ,      0.356500
13.646,    2007.665894 ,      0.357800
13.740,    1993.200562 ,      0.353400
13.836,    1983.086060 ,      0.354500
14.125,    1977.702026 ,      0.360100
14.223,    1971.651855 ,      0.357400
14.322,    1962.788818 ,      0.364700
14.421,    1953.990234 ,      0.373100
14.521,    1943.718994 ,      0.354700
14.622,    1938.090332 ,      0.346900
14.723,    1934.352783 ,      0.358000
14.825,    1919.863159 ,      0.354500
14.928,    1921.501587 ,      0.366500
15.031,    1908.659058 ,      0.358700
15.136,    1904.252441 ,      0.353500
15.241,    1896.228638 ,      0.358700
15.346,    1890.197021 ,      0.364500
15.453,    1880.129150 ,      0.363100
15.560,    1880.287231 ,      0.355900
15.668,    1882.984375 ,      0.358900
15.776,    1876.211548 ,      0.361000
15.885,    1865.689453 ,      0.361000
15.996,    1859.022095 ,      0.349500
16.106,    1857.347534 ,      0.359900
16.218,    1840.234985 ,      0.360500
16.331,    1839.267456 ,      0.352600
16.444,    1843.628784 ,      0.357500
16.558,    1835.940552 ,      0.348400
16.672,    1828.377441 ,      0.346900
16.788,    1825.039429 ,      0.351900
16.904,    1816.748535 ,      0.359700
17.022,    1809.456665 ,      0.359900
17.140,    1815.006104 ,      0.353100
17.258,    1804.796021 ,      0.360200
17.378,    1798.517944 ,      0.360800
17.498,    1808.737427 ,      0.359900
17.620,    1804.295166 ,      0.352700
17.742,    1785.085449 ,      0.354100
17.865,    1780.014160 ,      0.356200
17.989,    1775.059326 ,      0.350800
18.113,    1774.883301 ,      0.355600
18.239,    1771.014526 ,      0.355700
18.365,    1752.643677 ,      0.341900
18.493,    1758.916382 ,      0.353300
18.621,    1756.675171 ,      0.362400
18.750,    1756.039551 ,      0.347800
18.880,    1743.330200 ,      0.360100
19.011,    1744.473877 ,      0.349700
19.143,    1752.162354 ,      0.350400
19.275,    1734.626953 ,      0.344900
19.409,    1729.847290 ,      0.349400
19.543,    1720.536499 ,      0.353100
19.679,    1721.558472 ,      0.346000
19.815,    1725.500366 ,      0.348700
19.953,    1718.639648 ,      0.337400
20.091,    1717.092651 ,      0.337100
20.230,    1705.249756 ,      0.344800
20.370,    1710.081055 ,      0.348000
20.512,    1704.983521 ,      0.341500
20.654,    1689.773438 ,      0.345900
20.797,    1691.883057 ,      0.341400
20.941,    1700.547241 ,      0.346600
21.086,    1688.328125 ,      0.340500
21.232,    1682.550171 ,      0.344100
21.380,    1679.323120 ,      0.343000
21.528,    1680.421875 ,      0.342600
21.677,    1676.769043 ,      0.337900
21.827,    1669.057495 ,      0.335800
21.979,    1663.702393 ,      0.334500
22.131,    1664.803955 ,      0.334800
22.284,    1655.812012 ,      0.339500
22.439,    1651.109497 ,      0.331700
22.594,    1646.584229 ,      0.332900
22.751,    1653.005005 ,      0.330700
23.067,    1638.493774 ,      0.336100
23.227,    1636.874146 ,      0.333500
23.388,    1635.217773 ,      0.334600
23.550,    1626.642456 ,      0.327100
23.714,    1622.021606 ,      0.328000
23.878,    1623.324829 ,      0.332800
24.044,    1610.415161 ,      0.332000
24.210,    1616.736816 ,      0.323600
24.378,    1610.162109 ,      0.318000
24.547,    1608.376709 ,      0.321300
24.717,    1597.541138 ,      0.322500
24.889,    1595.493164 ,      0.321100
25.061,    1588.965210 ,      0.326800
25.235,    1588.362305 ,      0.316700
25.410,    1581.990356 ,      0.322300
25.586,    1583.921143 ,      0.310300
25.763,    1580.107544 ,      0.322700
25.942,    1571.991211 ,      0.305400
26.122,    1576.796753 ,      0.320700
26.303,    1572.369141 ,      0.308000
26.669,    1558.757935 ,      0.314700
26.853,    1551.956055 ,      0.301800
27.040,    1550.395874 ,      0.308900
27.227,    1538.101196 ,      0.311600
27.416,    1536.110962 ,      0.303000
27.606,    1534.700928 ,      0.297300
27.797,    1530.580078 ,      0.299000
27.990,    1525.586792 ,      0.298900
28.184,    1520.553345 ,      0.298600
28.379,    1517.603394 ,      0.305800
29.174,    1492.793213 ,      0.282000
29.376,    1487.149902 ,      0.288300
29.580,    1482.784180 ,      0.304800
29.785,    1475.973145 ,      0.287700
29.992,    1470.905640 ,      0.285900
30.200,    1470.141724 ,      0.286500
30.409,    1457.951782 ,      0.287100
30.620,    1449.665405 ,      0.289800
30.832,    1448.297974 ,      0.284000
31.046,    1438.903076 ,      0.280200
31.261,    1432.112305 ,      0.278100
31.477,    1424.306519 ,      0.267700
31.696,    1422.073853 ,      0.275100
32.137,    1407.908691 ,      0.267000
32.359,    1396.951782 ,      0.264300
32.584,    1392.973022 ,      0.268200
32.810,    1384.817749 ,      0.271000
33.037,    1367.584351 ,      0.260600
33.266,    1368.270996 ,      0.257700
34.674,    1309.776001 ,      0.251300
34.914,    1297.124756 ,      0.244900
35.156,    1291.931885 ,      0.241000
35.400,    1279.770508 ,      0.240600
35.645,    1272.160156 ,      0.238700
35.892,    1257.707642 ,      0.241200
36.141,    1246.392822 ,      0.233800
36.392,    1226.870972 ,      0.226300
36.644,    1218.036133 ,      0.225000
36.898,    1203.827148 ,      0.223200
37.154,    1179.648315 ,      0.226500
37.411,    1175.848877 ,      0.219900
37.670,    1161.679443 ,      0.223000
38.194,    1115.480835 ,      0.212800
38.459,    1111.191406 ,      0.211300
38.726,    1092.701538 ,      0.210500
38.994,    1074.591797 ,      0.209700
39.264,    1061.148560 ,      0.199000
40.087,     995.341003 ,      0.192900
40.365,     972.546631 ,      0.194000
40.644,     948.481689 ,      0.186800
40.926,     925.174377 ,      0.181800
41.210,     899.102722 ,      0.178200
41.495,     869.268982 ,      0.176100
41.783,     840.363586 ,      0.169500
42.073,     809.199707 ,      0.166200
42.364,     774.194458 ,      0.161800
42.658,     741.191772 ,      0.151000
42.954,     702.262451 ,      0.151300
43.251,     661.358215 ,      0.143700
43.551,     612.838562 ,      0.134000
43.853,     568.163147 ,      0.137600
44.157,     515.858093 ,      0.130500
44.463,     458.348785 ,      0.121800
44.771,     394.078369 ,      0.121800
45.082,     320.683105 ,      0.123800
45.394,     245.372772 ,      0.122700
45.709,     177.007706 ,      0.126600
46.026,     128.024948 ,      0.138700
46.345,      97.681908 ,      0.152000
46.666,      78.284172 ,      0.159000
46.989,      65.344780 ,      0.174300
47.315,      55.844719 ,      0.180600
47.643,      48.834545 ,      0.181200
47.973,      43.337215 ,      0.198200
48.306,      38.969315 ,      0.199300
48.641,      35.382755 ,      0.201000
48.978,      32.275826 ,      0.206300
49.317,      29.763359 ,      0.208900
49.659,      27.590876 ,      0.214900
50.003,      25.787542 ,      0.226600
50.350,      24.057549 ,      0.224300
50.699,      22.624298 ,      0.236700
51.050,      21.287338 ,      0.238200
51.404,      20.099642 ,      0.235400
51.761,      19.019186 ,      0.240000
52.119,      18.114956 ,      0.236500
52.481,      17.186958 ,      0.245200
53.580,      14.983691 ,      0.254800
53.951,      14.331979 ,      0.244200
54.325,      13.740055 ,      0.254300
54.702,      13.204024 ,      0.245700
55.081,      12.693439 ,      0.252900
55.463,      12.224199 ,      0.258900
55.847,      11.779861 ,      0.263700
56.234,      11.306808 ,      0.263200
56.624,      10.928192 ,      0.264500
57.016,      10.542377 ,      0.264600
57.412,      10.176319 ,      0.259200
57.810,       9.861363 ,      0.266200
58.210,       9.543811 ,      0.262900
58.614,       9.222363 ,      0.263300
59.020,       8.934593 ,      0.258900
59.429,       8.662426 ,      0.273600
59.841,       8.393636 ,      0.278400
61.518,       7.448393 ,      0.270900
61.944,       7.231764 ,      0.281400
62.373,       7.015485 ,      0.275800
62.806,       6.823876 ,      0.275900
63.241,       6.645144 ,      0.282400
63.680,       6.463496 ,      0.272500
64.121,       6.267449 ,      0.280700
64.565,       6.094815 ,      0.288300
65.013,       5.944439 ,      0.283800
65.464,       5.780610 ,      0.280400
65.917,       5.623483 ,      0.290900
66.374,       5.486174 ,      0.292300
66.834,       5.348516 ,      0.277300
67.298,       5.193427 ,      0.288100
67.764,       5.077535 ,      0.295500
68.234,       4.945803 ,      0.294600
68.707,       4.796538 ,      0.287700
69.183,       4.690181 ,      0.299800
69.663,       4.571646 ,      0.290000
70.146,       4.449846 ,      0.288200
70.632,       4.340997 ,      0.295800
71.121,       4.232267 ,      0.296500
71.614,       4.126678 ,      0.293300
72.111,       4.027959 ,      0.292700
72.611,       3.923499 ,      0.298900
73.114,       3.828860 ,      0.302000
73.621,       3.739661 ,      0.298700
74.131,       3.650877 ,      0.309100
74.645,       3.554869 ,      0.303900
75.162,       3.477735 ,      0.295600
75.683,       3.389590 ,      0.300600
76.208,       3.309581 ,      0.308500
76.736,       3.224744 ,      0.303300
77.268,       3.152675 ,      0.305000
77.804,       3.077446 ,      0.305900
78.343,       3.000418 ,      0.314500
78.886,       2.928115 ,      0.300700
79.433,       2.863601 ,      0.306900

